time	latitude	longitude
1	50.29727	18,882484
2	50,297577	18,883972
3	50,29719	18,885649
4	50,297066	18,886265
5	50,296764	18,888569
6	50,296497	18,890978
7	50,296234	18,89346
8	50,29597	18,895927
9	50,295753	18,89841
10	50,29575	18,900986
11	50,29599	18,90369
12	50,29643	18,906439
13	50,29678	18,909374
14	50,29667	18,912542
15	50,296463	18,91573
16	50,296055	18,91887
17	50,29527	18,92221
18	50,294247	18,925064
19	50,292988	18,927734
20	50,29161	18,930162
21	50,28999	18,932184
22	50,288395	18,934082
23	50,2871		18,936443
24	50,286106	18,938995
25	50,28507	18,94135
26	50,28409	18,943806
27	50,283123	18,94634
28	50,28222	18,948938
29	50,281197	18,951336
30	50,27981	18,953306
31	50,278366	18,955183
32	50,27702	18,95724
33	50,275723	18,959448
34	50,27449	18,961678
35	50,273727	18,964397
36	50,273415	18,9675
37	50,272873	18,970451
38	50,27209	18,973265
39	50,271313	18,976048
40	50,270565	18,978746
41	50,269882	18,981302
42	50,2693		18,983395
43	50,268715	18,985304
44	50,268517	18,987
45	50,26849	18,987917
46	50,268463	18,988205
47	50,268387	18,988749
48	50,268215	18,989664
49	50,267834	18,989859
50	50,2668		18,989313
51	50,265713	18,988588
52	50,264824	18,988014
53	50,264187	18,987547
54	50,264004	18,987392
55	50,26335	18,987125
56	50,262394	18,986784
57	50,261276	18,986221
58	50,260075	18,985662
59	50,259		18,985249
60	50,25797	18,984848
61	50,25681	18,98448
62	50,255447	18,98404
63	50,254116	18,983315
64	50,2529		18,982504
65	50,25215	18,982138
66	50,251945	18,983223
67	50,25173	18,98455
68	50,252		18,98557
69	50,25235	18,986595
70	50,25209	18,988379
71	50,251774	18,99019
72	50,25143	18,992
73	50,251076	18,994003
74	50,25073	18,99595
75	50,25026	18,998026
76	50,249615	18,999702
77	50,248867	19,001427
78	50,24794	19,003412
79	50,24733	19,005968
80	50,247128	19,008406
81	50,247		19,010576
82	50,246872	19,013033
83	50,246693	19,015757
84	50,246483	19,018682
85	50,246284	19,021654
86	50,246094	19,024523
87	50,245907	19,027464
88	50,245693	19,03039
89	50,24534	19,033106
90	50,24489	19,035576
91	50,24444	19,03757
92	50,24394	19,039824
93	50,243446	19,042347
94	50,242897	19,044958
95	50,24235	19,047342
96	50,2423		19,047567
97	50,24144	19,049326
98	50,240116	19,051125
99	50,238926	19,052706
100	50,23773	19,053486
101	50,23634	19,054024
102	50,23489	19,054533
103	50,233387	19,055054
104	50,23192	19,055565
105	50,230522	19,056078
106	50,228886	19,056702
107	50,226997	19,057419
108	50,225407	19,05791
109	50,223648	19,058542
110	50,218216	19,060253
111	50,216526	19,05964
112	50,214935	19,05832
113	50,213394	19,056824
114	50,211803	19,055292
115	50,208035	19,051613
116	50,20525	19,048351
117	50,200993	19,051989
118	50,19929	19,051884
119	50,19768	19,050646
120	50,19636	19,048456
121	50,19556	19,046116
122	50,194466	19,044188
123	50,19295	19,042814
124	50,19147	19,041553
125	50,19001	19,040298
126	50,189285	19,039639
127	50,187824	19,038282
128	50,18635	19,036852
129	50,184963	19,034874
130	50,183617	19,032837
131	50,18213	19,03078
132	50,180515	19,028862
133	50,178967	19,027056
134	50,17747	19,025267
135	50,175743	19,023798
136	50,17395	19,022339
137	50,172203	19,020935
138	50,170464	19,019545
139	50,168503	19,01796
140	50,166786	19,016699
141	50,165012	19,016289
142	50,163208	19,01684
143	50,161537	19,018332
144	50,159843	19,019861
145	50,158146	19,021393
146	50,1564		19,02291
147	50,15451	19,024006
148	50,152496	19,024374
149	50,150425	19,024006
150	50,148487	19,023287
151	50,146557	19,022867
152	50,14463	19,02308
153	50,14271	19,023817
154	50,140778	19,02464
155	50,13883	19,025425
156	50,136833	19,025635
157	50,134834	19,025446
158	50,13282	19,025232
159	50,130905	19,025032
160	50,12901	19,024782
161	50,12722	19,024157
162	50,125446	19,023108
163	50,123802	19,021759
164	50,122215	19,020163
165	50,12066	19,018654
166	50,119312	19,016832
167	50,118156	19,014694
168	50,117046	19,012726
169	50,11553	19,01142
170	50,113815	19,011086
171	50,112095	19,010305
172	50,11052	19,008675
173	50,10893	19,007519
174	50,107227	19,007448
175	50,105385	19,007557
176	50,103622	19,006775
177	50,101868	19,00595
178	50,100197	19,005177
179	50,09851	19,004671
180	50,09676	19,004814
181	50,09506	19,005396
182	50,09336	19,005976
183	50,09158	19,006187
184	50,089798	19,005848
185	50,08808	19,00513
186	50,08636	19,004366
187	50,08458	19,003609
188	50,08274	19,00277
189	50,08086	19,001911
190	50,07898	19,001028
191	50,0772		18,99977
192	50,07562	18,997845
193	50,074306	18,995302
194	50,073143	18,992575
195	50,072025	18,989882
196	50,07093	18,987226
197	50,069748	18,984583
198	50,068565	18,981941
199	50,06845	18,981674
200	50,06734	18,979088
201	50,06623	18,976547
202	50,065086	18,973948
203	50,06391	18,971354
204	50,06276	18,968826
205	50,06162	18,966415
206	50,060513	18,964067
207	50,059357	18,96157
208	50,058163	18,95903
209	50,057037	18,95663
210	50,055954	18,95429
211	50,05479	18,951792
212	50,054672	18,951536
213	50,053493	18,949053
214	50,052406	18,946737
215	50,05116	18,944864
216	50,04981	18,943665
217	50,04903	18,943228
218	50,048817	18,94314
219	50,04775	18,942812
220	50,046562	18,94267
221	50,044827	18,942448
222	50,042896	18,94221
223	50,04084	18,941984
224	50,03876	18,94168
225	50,03671	18,941404
226	50,03477	18,941216
227	50,03274	18,941006
228	50,030735	18,940784
229	50,028767	18,940575
230	50,026817	18,940567
231	50,02495	18,941189
232	50,023113	18,942478
233	50,021435	18,94431
234	50,019825	18,94642
235	50,018345	18,94838
236	50,017284	18,95028
237	50,016335	18,952257
238	50,01532	18,95436
239	50,014183	18,956089
240	50,012764	18,957212
241	50,011204	18,957619
242	50,00958	18,957275